 3.85800000e+001 8.06600000e+001 1.00000000e+000
 2.21100000e+001 7.83100000e+001 1.00000000e+000
 2.71100000e+001 6.86000000e+001 1.00000000e+000
 1.88700000e+001 5.94800000e+001 1.00000000e+000
 1.53400000e+001 5.21200000e+001 1.00000000e+000
 2.09300000e+001 4.38800000e+001 1.00000000e+000
 3.12300000e+001 4.97700000e+001 1.00000000e+000
 1.00400000e+001 6.88900000e+001 1.00000000e+000
 2.97600000e+001 3.41700000e+001 1.00000000e+000
 2.50500000e+001 2.47500000e+001 1.00000000e+000
 1.74000000e+001 1.71000000e+001 1.00000000e+000
 3.15200000e+001 1.32800000e+001 1.00000000e+000
 4.32900000e+001 1.35700000e+001 1.00000000e+000
 4.38800000e+001 2.35800000e+001 1.00000000e+000
 5.41800000e+001 2.94600000e+001 1.00000000e+000
 4.30000000e+001 3.68200000e+001 1.00000000e+000
 4.97600000e+001 4.77100000e+001 1.00000000e+000
 1.41600000e+001 3.24000000e+001 1.00000000e+000
 6.30100000e+001 4.30000000e+001 1.00000000e+000
 6.65400000e+001 5.91800000e+001 1.00000000e+000
 6.03600000e+001 7.24200000e+001 1.00000000e+000
 4.27000000e+001 6.30100000e+001 1.00000000e+000
