 1.79200000e+01 2.09800000e+01 1.00000000e+00
 2.63900000e+01 3.70400000e+01 1.00000000e+00
 4.33400000e+01 3.67500000e+01 1.00000000e+00
 4.07100000e+01 4.81400000e+01 1.00000000e+00
 2.93200000e+01 5.86600000e+01 1.00000000e+00
 5.12300000e+01 5.95400000e+01 1.00000000e+00
 6.17400000e+01 4.99000000e+01 1.00000000e+00
 1.32500000e+01 5.48600000e+01 1.00000000e+00
 6.90500000e+01 6.62600000e+01 1.00000000e+00
 7.63500000e+01 8.05700000e+01 1.00000000e+00
 3.51600000e+01 1.45500000e+01 1.00000000e+00
 5.18100000e+01 1.86400000e+01 1.00000000e+00
 6.81700000e+01 1.83500000e+01 1.00000000e+00
 6.67100000e+01 3.12000000e+01 1.00000000e+00
 2.02600000e+01 7.47300000e+01 1.00000000e+00
 1.00400000e+01 8.64200000e+01 1.00000000e+00
 8.10300000e+01 4.75600000e+01 1.00000000e+00
 4.21700000e+01 7.73600000e+01 1.00000000e+00
 5.67800000e+01 8.46600000e+01 1.00000000e+00
